0 1 1
0 2 1
0 3 1
0 4 1
0 5 2
0 8 8
0 9 9
0 10 9
0 11 9
0 12 9
0 13 9
0 14 9
0 15 9
0 17 9
0 18 9
0 19 9
1 1 1
1 3 1
1 5 1
1 8 1
1 9 2
1 11 9
1 12 9
1 13 9
1 15 9
1 17 9
1 18 8
1 19 9
2 0 1
2 2 1
2 4 1
2 5 1
2 6 1
2 7 1
2 8 1
2 9 4
2 10 9
2 11 7
2 13 9
2 15 9
2 16 9
2 17 9
2 18 9
3 0
3 1 11
3 2 1
3 4 1
3 5 1
3 6 1
3 8 1
3 9 1
3 10 9
3 12 5
3 14 9
3 16 9
3 17 9
3 18 9
3 19 9
4 0 1
4 1 1
4 2 1
4 4 1
4 7 1
4 8 1
4 9 4
4 10 9
4 11 7
4 12 9
4 13 9
4 14 8
4 16 9
4 17 9
4 18 9
5 0 1
5 1 1
5 2 1
5 3 1
5 4 1
5 5 1
5 6 1
5 7 1
5 8 1
5 9 3
5 10 9
5 11 8
5 12 9
5 13 9
5 14 8
5 15 9
5 17 9
5 18 9
6 1 1
6 3 1
6 4 1
6 7 1
6 9 1
6 10 4
6 12 8
6 13 9
6 14 9
6 15 9
6 16 9
6 17 9
6 18 9
6 19 9
7 1 1
7 2 1
7 3 1
7 4 1
7 5 1
7 6 1
7 10 1
7 11 1
7 12 1
7 13 7
7 14 5
7 15 9
7 16 9
7 18 9
7 19 9
8 0 1
8 2 1
8 3 1
8 4 1
8 6 1
8 7 5
8 9 8
8 12 9
8 13 9
8 16 9
8 17 9
8 18 9
8 19 9
9 0 1
9 2 1
9 3 1
9 4 1
9 5 1
9 6 1
9 7 5
9 8 9
9 9 9
9 11 9
9 13 9
9 14 8
9 16 9
9 19 9
